0.099
0.099
0.0995
0.099
0.1045
0.102
0.1025
0.108
0.094
0.0915
0.099
0.0945
0.0955
0.098
0.1025
0.1045
0.1055
0.1065
0.217
0.274
0.3735
0.375
0.277
0.2155
0.167
0.1255
0.107
0.0995
0.094
0.086
0.084
0.0865
0.099
0.1145
0.1195
0.129
0.145
0.159
0.1835
0.2005
0.207
0.198
0.205
0.1895
0.188
0.199
0.185
0.1815
0.1905
0.1815
0.183
0.1875
0.177
0.175
0.1885
0.187
0.189
0.185
0.1715
0.1825
0.2025
0.2085
0.201
0.1975
0.202
0.197
0.205
0.203
0.2135
0.2125
0.2135
0.2185
0.234
0.2445
0.229
0.216
0.22
0.233
0.232
0.239
0.24
0.235
0.234
0.227
0.2325
0.2355
0.234
0.242
0.2565
0.264
0.2675
0.2605
0.2675
0.2695
0.259
0.2825
0.2825
0.283
0.281
0.3005
0.305
0.313
0.3
0.3135
0.319
0.324
0.324
0.3305
0.321
0.323
0.3275
0.342
0.34
0.3355
0.334
0.3465
0.356
0.353
0.3435
0.348
0.3555
0.361
0.3645
0.378
0.3865
0.387
0.3905
0.3925
0.3985
0.3965
0.381
0.3855
0.3825
0.3905
0.397
0.39
0.3955
0.399
0.41
0.416
0.4095
0.4115
0.425
0.429
0.4335
0.4325
0.4505
0.4565
0.458
0.4745
0.474
0.4685
0.488
0.4855
0.502
0.499
0.498
0.5025
0.492
0.496
0.5075
0.5025
0.505
0.5065
0.5135
0.5135
0.5255
0.5245
0.544
0.535
0.5385
0.5305
0.5245
0.533
0.546
0.55
0.5535
0.5635
0.5665
0.557
0.5635
0.584
0.589
0.5825
0.5755
0.5795
0.5865
0.587
0.5835
0.582
0.593
0.5815
0.5815
0.584
0.579
0.5855
0.595
0.596
0.597
0.602
0.6075
0.6025
0.603
0.6115
0.6215
0.623
0.613
0.6065
0.621
0.62
0.614
0.613
0.6185
0.621
0.62
0.619
0.627
0.6285
0.6325
0.6255
0.6315
0.638
0.636
0.6465
0.647
0.6575
0.658
0.658
0.6655
0.669
0.6675
0.67
0.673
0.677
0.6775
0.68
0.6775
0.6845
0.6885
0.6925
0.6855
0.695
0.6955
0.693
0.695
0.6955
0.6865
0.6825
0.6855
0.682
0.695
0.698
0.7015
0.696
0.7005
0.7045
0.7015
0.705
0.713
0.713
0.7115
0.715
0.7155
0.7125
0.7135
0.716
0.715
0.7155
0.717
0.7325
0.722
0.728
0.7325
0.729
0.734
0.733
0.7405
0.7425
0.7415
0.7445
0.7395
0.741
0.746
0.745
0.7435
0.739
0.74
0.746
0.748
0.747
0.739
0.7415
0.7415
0.7405
0.742
0.7395
0.738
0.7355
0.7485
0.741
0.746
0.7445
0.7495
0.75
0.738
0.744
0.748
0.7515
0.7545
0.7485
0.7505
0.753
0.7455
0.746
0.748
0.7425
0.7465
0.7495
0.75
0.7515
0.75
0.7505
0.7475
0.749
0.755
0.759
0.7565
0.7595
0.758
0.756
0.757
0.7655
0.7715
0.7615
0.7665
0.771
0.7755
0.7735
0.7705
0.7725
0.772
0.782
0.7785
0.779
0.7725
0.776
0.775
0.7765
0.775
0.779
0.7825
0.7845
0.7855
0.7795
0.786
0.787
0.786
0.79
0.787
0.792
0.7935
0.788
0.7885
0.789
0.7875
0.7895
0.7905
0.7905
0.793
0.7925
0.795
0.7955
0.795
0.7945
0.7955
0.7915
0.793
0.793
0.795
0.7935
0.7945
0.793
0.7985
0.7995
0.8015
0.801
0.7985
0.8
0.804
0.804
0.8035
0.804
0.807
0.806
0.8
0.8055
0.806
0.8105
0.808
0.807
0.8095
0.8055
0.8075
0.803
0.804
0.8025
0.8095
0.802
0.801
0.794
0.8035
0.806
0.7975
0.799
0.8035
0.802
0.804
0.8035
0.8075
0.8025
0.801
0.8025
0.8035
0.8
0.804
0.7985
0.8015
0.806
0.8045
0.8075
0.803
0.809
0.805
0.8075
0.8115
0.805
0.8075
0.809
0.807
0.806
0.8035
0.8035
0.8075
0.8025
0.805
0.806
0.8045
0.807
0.808
0.81
0.8125
0.8125
0.8125
0.8135
0.812
0.812
0.8115
0.813
0.813
0.8135
0.8155
0.816
0.8175
0.8105
0.815
0.8135
0.814
0.811
0.8075
0.8085
0.8085
0.809
0.8075
0.809
0.809
0.8085
0.8075
0.811
0.8105
0.8105
0.81
0.81
0.8075
0.8105
0.81
0.803
0.808
0.8085
0.8065
0.806
0.807
0.807
0.8095
0.8065
0.8135
0.812
0.8145
0.8145
0.8185
0.8145
0.8175
0.816
0.816
0.82
0.819
0.8265
0.826
0.8245
0.822
0.8235
0.8195
0.817
0.818
0.8155
0.8145
0.8155
0.8165
0.8185
0.816
0.814
0.8155
0.8175
0.8145
0.8145
0.818
0.8175
0.8195
0.819
0.821
0.8185
0.824
0.824
0.819
0.824
0.8235
0.8205
0.821
0.8225
0.821
0.8175
0.821
0.8225
0.8235
0.8215
0.8175
0.8225
0.8205
0.8265
0.822
0.8285
0.824
0.827
0.8255
0.8265
0.8265
0.8285
0.826
0.827
0.8275
0.8305
0.831
0.83
0.8285
0.8275
0.828
0.827
0.8285
0.8305
0.8305
0.829
0.8325
0.8335
0.836
0.834
0.832
0.8345
0.8295
0.8285
0.8315
0.8285
0.8295
0.8305
0.8315
0.832
0.831
0.832
0.829
0.834
0.834
0.8305
0.8305
0.8325
0.8285
0.8345
0.8315
0.831
0.8295
0.8305
0.8275
0.825
0.8265
0.8295
0.826
0.8285
0.827
0.8245
0.8265
0.8265
0.823
0.828
0.8235
0.8185
0.8195
0.8195
0.8235
0.823
0.826
0.823
0.828
0.828
0.8315
0.8315
0.8285
0.832
0.8335
0.833
0.831
0.835
0.833
0.8325
0.833
0.836
0.8365
0.8365
0.836
0.8365
0.8385
0.8425
0.839
0.841
0.8395
0.8375
0.841
0.838
0.8395
0.838
0.8365
0.8355
0.8345
0.8305
0.8325
0.8355
0.8375
0.832
0.8335
0.834
0.8305
0.8305
0.832
0.8265
0.83
0.8325
0.832
0.829
0.8285
0.831
0.8325
0.8315
0.829
0.831
0.8315
0.832
0.8325
0.831
0.831
0.8335
0.832
0.8325
0.832
0.833
0.83
0.8325
0.839
0.839
0.8375
0.84
0.838
0.837
0.837
0.84
0.84
0.8385
0.8405
0.841
0.8405
0.8385
0.836
0.835
0.838
0.8375
0.8365
0.8375
0.835
0.834
0.833
0.834
0.8355
0.8375
0.8355
0.8345
0.837
0.838
0.8385
0.8395
0.838
0.8365
0.8365
0.835
0.837
0.839
0.839
0.8385
0.8355
0.8375
0.837
0.838
0.8365
0.835
0.8355
0.834
0.836
0.8345
0.8325
0.833
0.8325
0.833
0.834
0.835
0.834
0.833
0.834
0.8355
0.836
0.834
0.8345
0.8345
0.8335
0.835
0.8365
0.835
0.8375
0.84
0.8415
0.84
0.8385
0.8385
0.8365
0.839
0.841
0.8385
0.84
0.8375
0.8385
0.833
0.8355
0.832
0.834
0.833
0.8355
0.832
0.834
0.8345
0.839
0.8355
0.839
0.8395
0.8395
0.84
0.8405
0.8405
0.84
0.8395
0.84
0.839
0.843
0.845
0.845
0.8435
0.8425
0.8425
0.8415
0.843
0.8415
0.8395
0.838
0.838
0.836
0.838
0.8385
0.837
0.841
0.8385
0.838
0.839
0.84
0.8425
0.841
0.84
0.841
0.842
0.8425
0.8405
0.839
0.8385
0.84
0.8395
0.8415
0.8385
0.84
0.8415
0.8375
0.839
0.842
0.839
0.837
0.8375
0.8375
0.838
0.8405
0.841
0.8375
0.839
0.841
0.8395
0.8375
0.8385
0.8405
0.8385
0.8395
0.8425
0.8415
0.84
0.8395
0.842
0.839
0.839
0.8435
0.842
0.8405
0.838
0.8425
0.8395
0.841
0.8405
0.8415
0.842
0.844
0.8445
0.8455
0.845
0.847
0.844
0.8435
0.844
0.8435
0.8445
0.8455
0.8455
0.8455
0.845
0.8475
0.846
0.845
0.848
0.8485
0.847
0.8475
0.845
0.8475
0.847
0.8475
0.8475
0.8495
0.8505
0.85
0.849
0.85
0.849
0.85
0.8505
0.852
0.8505
0.851
0.85
0.8485
0.846
0.848
0.85
0.8485
0.849
0.8495
0.8505
0.8495
0.85
0.8505
0.849
0.852
0.847
0.848
0.8475
0.8495
0.8455
0.848
0.8495
0.849
0.851
0.8485
0.852
0.848
0.8495
0.848
0.847
0.845
0.8435
0.845
0.8475
0.8465
0.848
0.849
0.849
0.8515
0.8505
0.848
0.848
0.847
0.848
0.848
0.848
0.85
0.85
0.851
0.8545
0.853
0.8515
0.8545
0.8515
0.8555
0.855
0.8555
0.8565
0.8575
0.8575
0.858
0.8565
0.858
0.8595
0.858
0.8585
0.859
0.859
0.858
0.861
0.859
0.8585
0.857
0.8595
0.858
0.856
0.8585
0.8615
0.859
0.8575
0.859
0.858
0.8615
0.86
0.8595
0.8585
0.858
0.859
0.8585
0.8575
0.8575
0.8585
0.8575
0.8575
0.857
0.858
0.8585
0.858
0.858
0.8595
0.859
0.857
0.856
0.8565
0.8575
0.8585
0.858
0.857
