0.094
0.096
0.103
0.1035
0.1035
0.1015
0.091
0.094
0.1025
0.098
0.114
0.118
0.1
0.099
0.103
0.101
0.09
0.088
0.207
0.2565
0.368
0.378
0.2835
0.201
0.1495
0.129
0.117
0.1005
0.085
0.0865
0.0865
0.0975
0.1045
0.1055
0.113
0.136
0.158
0.1715
0.1975
0.216
0.1955
0.183
0.1855
0.176
0.1875
0.1865
0.184
0.187
0.1785
0.1745
0.1765
0.179
0.191
0.196
0.2045
0.193
0.1755
0.1835
0.1865
0.1915
0.192
0.188
0.198
0.204
0.2055
0.209
0.212
0.2085
0.2075
0.2145
0.228
0.2295
0.2195
0.2095
0.212
0.2315
0.235
0.228
0.233
0.231
0.2305
0.2445
0.2435
0.2455
0.2565
0.2385
0.241
0.25
0.2545
0.254
0.2625
0.2635
0.262
0.2565
0.2665
0.2695
0.2755
0.283
0.269
0.2785
0.31
0.2915
0.282
0.2895
0.2995
0.302
0.3025
0.29
0.305
0.315
0.3145
0.322
0.3315
0.3395
0.344
0.341
0.3465
0.359
0.3615
0.3525
0.3425
0.359
0.355
0.364
0.3725
0.376
0.376
0.3855
0.3975
0.3985
0.3985
0.3945
0.398
0.4
0.4115
0.4065
0.3895
0.3995
0.405
0.42
0.4435
0.443
0.4365
0.4405
0.4405
0.437
0.445
0.4415
0.442
0.444
0.45
0.45
0.4605
0.461
0.47
0.4655
0.4625
0.482
0.487
0.494
0.5065
0.4965
0.494
0.5
0.4985
0.512
0.501
0.503
0.5065
0.519
0.519
0.5185
0.533
0.5255
0.53
0.5455
0.544
0.5445
0.542
0.536
0.54
0.5575
0.5515
0.5475
0.552
0.552
0.5535
0.552
0.557
0.5635
0.57
0.577
0.5875
0.5935
0.596
0.5885
0.588
0.591
0.599
0.604
0.6145
0.621
0.611
0.617
0.6215
0.6245
0.6205
0.626
0.6235
0.63
0.6295
0.63
0.6375
0.634
0.6325
0.647
0.6445
0.642
0.648
0.6505
0.649
0.649
0.6475
0.6555
0.654
0.6585
0.6545
0.648
0.643
0.6485
0.66
0.6605
0.662
0.6685
0.6755
0.667
0.6725
0.6685
0.665
0.6735
0.6815
0.6775
0.686
0.6865
0.686
0.6865
0.688
0.6915
0.69
0.6915
0.692
0.6885
0.6895
0.6955
0.691
0.69
0.695
0.697
0.692
0.6945
0.697
0.6925
0.696
0.699
0.693
0.6985
0.7035
0.7035
0.704
0.7055
0.708
0.7045
0.707
0.7105
0.715
0.7195
0.7215
0.7255
0.727
0.729
0.7295
0.731
0.7365
0.735
0.73
0.7375
0.7285
0.736
0.7385
0.738
0.7415
0.741
0.742
0.745
0.747
0.75
0.747
0.749
0.7495
0.7475
0.752
0.752
0.7515
0.7555
0.751
0.7435
0.749
0.756
0.757
0.7565
0.756
0.7565
0.7585
0.7555
0.7635
0.764
0.7665
0.767
0.7645
0.765
0.7665
0.7685
0.77
0.7725
0.7715
0.7715
0.7705
0.7725
0.7775
0.7745
0.7735
0.774
0.768
0.7665
0.764
0.762
0.766
0.7675
0.7685
0.7745
0.776
0.7735
0.7765
0.7795
0.779
0.784
0.783
0.7805
0.7815
0.784
0.785
0.78
0.7835
0.7895
0.787
0.792
0.7875
0.789
0.7905
0.785
0.7845
0.7875
0.788
0.7885
0.7915
0.7905
0.7855
0.793
0.7845
0.789
0.7945
0.7865
0.7925
0.7935
0.7925
0.7915
0.7895
0.7955
0.796
0.7905
0.792
0.792
0.7925
0.794
0.797
0.795
0.798
0.7975
0.796
0.797
0.7985
0.7925
0.792
0.791
0.79
0.787
0.79
0.793
0.7945
0.7935
0.795
0.792
0.7955
0.7945
0.7935
0.795
0.7955
0.7955
0.791
0.793
0.7945
0.7965
0.795
0.7985
0.7895
0.789
0.795
0.7945
0.8005
0.7985
0.7995
0.8025
0.7985
0.8015
0.8035
0.8005
0.8015
0.7965
0.7955
0.7945
0.799
0.799
0.799
0.8025
0.804
0.8025
0.803
0.7995
0.798
0.7995
0.804
0.804
0.8015
0.7955
0.804
0.8005
0.806
0.8
0.8035
0.8025
0.804
0.803
0.7975
0.802
0.8005
0.797
0.7975
0.797
0.797
0.7965
0.802
0.8055
0.8
0.8025
0.807
0.8085
0.81
0.805
0.808
0.807
0.804
0.8035
0.8055
0.808
0.806
0.81
0.8085
0.8075
0.8065
0.807
0.808
0.807
0.8045
0.8045
0.804
0.8065
0.809
0.8045
0.8105
0.807
0.809
0.812
0.814
0.811
0.8125
0.811
0.8165
0.8105
0.8095
0.8135
0.813
0.8155
0.8155
0.815
0.8175
0.816
0.813
0.814
0.8155
0.8155
0.816
0.815
0.8115
0.814
0.8155
0.817
0.8135
0.814
0.8185
0.819
0.816
0.818
0.818
0.8185
0.818
0.8185
0.8225
0.824
0.8215
0.818
0.8225
0.8245
0.8225
0.823
0.821
0.8215
0.8235
0.8235
0.8235
0.821
0.8195
0.8175
0.8195
0.816
0.814
0.8165
0.8145
0.819
0.8165
0.817
0.8105
0.817
0.817
0.815
0.8165
0.8165
0.815
0.8135
0.815
0.8145
0.8125
0.814
0.8145
0.816
0.8165
0.8165
0.82
0.8215
0.823
0.823
0.821
0.819
0.823
0.8235
0.8215
0.8205
0.823
0.822
0.8195
0.819
0.817
0.818
0.8205
0.819
0.8195
0.825
0.8255
0.8275
0.827
0.8295
0.832
0.826
0.828
0.8295
0.8265
0.826
0.823
0.8225
0.825
0.8265
0.821
0.8265
0.8245
0.828
0.8285
0.831
0.8285
0.8265
0.828
0.8295
0.829
0.8315
0.8335
0.8345
0.8345
0.834
0.834
0.8315
0.8325
0.83
0.8315
0.835
0.833
0.832
0.8315
0.8325
0.8315
0.833
0.8325
0.8305
0.8305
0.8335
0.8325
0.8335
0.833
0.832
0.831
0.8275
0.829
0.8245
0.8285
0.826
0.825
0.824
0.8275
0.8265
0.8255
0.8265
0.8255
0.8265
0.827
0.83
0.8305
0.8245
0.827
0.827
0.8265
0.8275
0.831
0.8275
0.83
0.83
0.8305
0.829
0.8305
0.831
0.8315
0.833
0.834
0.833
0.8315
0.836
0.8335
0.8345
0.8365
0.839
0.839
0.839
0.8385
0.8395
0.8405
0.8405
0.84
0.8415
0.8395
0.843
0.843
0.844
0.8445
0.841
0.841
0.841
0.844
0.8425
0.843
0.8445
0.8455
0.8425
0.841
0.8395
0.8405
0.84
0.8425
0.8435
0.843
0.841
0.8455
0.8455
0.8465
0.846
0.8475
0.848
0.846
0.847
0.8465
0.8485
0.8495
0.848
0.849
0.8485
0.8465
0.8455
0.8465
0.8465
0.846
0.843
0.8435
0.843
0.8435
0.843
0.8445
0.845
0.8445
0.8455
0.8465
0.847
0.8455
0.8475
0.8465
0.8435
0.847
0.8465
0.8485
0.8465
0.8475
0.848
0.849
0.8485
0.8465
0.848
0.8485
0.85
0.8505
0.8495
0.853
0.8535
0.8525
0.855
0.855
0.8545
0.852
0.8505
0.8505
0.852
0.852
0.849
0.851
0.8535
0.854
0.8535
0.853
0.8515
0.8525
0.852
0.8495
0.85
0.8505
0.85
0.8505
0.851
0.851
0.853
0.8495
0.8495
0.8515
0.8545
0.8535
0.852
0.852
0.8485
0.851
0.8515
0.851
0.854
0.8545
0.8555
0.854
0.8585
0.8565
0.8565
0.858
0.8605
0.8565
0.8555
0.8575
0.856
0.8555
0.854
0.855
0.855
0.8535
0.8555
0.853
0.8555
0.857
0.8555
0.856
0.857
0.8535
0.8555
0.8565
0.853
0.853
0.854
0.8555
0.855
0.853
0.853
0.848
0.854
0.85
0.851
0.849
0.8515
0.85
0.8485
0.85
0.8495
0.8465
0.849
0.8475
0.846
0.847
0.846
0.845
0.846
0.8475
0.845
0.8465
0.846
0.842
0.8455
0.8445
0.844
0.8445
0.8445
0.8425
0.8435
0.843
0.846
0.846
0.8435
0.8455
0.843
0.8465
0.8455
0.8475
0.85
0.8475
0.846
0.844
0.8455
0.8435
0.8445
0.8465
0.8465
0.843
0.846
0.846
0.8475
0.847
0.8465
0.847
0.8455
0.8505
0.848
0.849
0.8485
0.85
0.847
0.8465
0.848
0.847
0.848
0.849
0.848
0.851
0.8535
0.8525
0.8535
0.8535
0.853
0.8525
0.852
0.852
0.851
0.852
0.851
0.8525
0.851
0.854
0.851
0.8545
0.8505
0.8505
0.849
0.8495
0.847
0.8455
0.844
0.845
0.8485
0.8495
0.8485
0.848
0.8505
0.8505
0.85
0.852
0.852
0.8535
0.8525
0.853
0.855
0.8555
0.8565
0.8565
0.856
0.8565
0.857
0.8565
0.8575
0.8585
0.8605
0.8595
0.8605
0.86
0.86
0.86
0.8585
0.859
0.8595
0.8625
0.862
0.8575
0.86
0.862
0.8615
0.8615
0.8605
0.862
0.8605
0.863
0.864
0.862
0.8615
0.862
0.859
0.861
0.86
0.8605
0.86
0.861
0.859
0.8585
0.8575
0.856
0.857
0.855
0.856
0.855
0.854
0.853
0.855
0.854
0.854
0.8565
0.8545
0.8545
0.856
0.855
0.856
0.855
0.8555
0.8565
0.855
0.8545
0.857
0.8575
0.857
