0.1005
0.096
0.1325
0.1505
0.186
0.1905
0.2115
0.214
0.2255
0.2305
0.2385
0.239
0.255
0.2645
0.2785
0.2795
0.282
0.294
0.294
0.2935
0.3065
0.3115
0.3055
0.3115
0.3165
0.3295
0.32
0.3265
0.333
0.332
0.3325
0.337
0.333
0.34
0.3325
0.3515
0.3435
0.3505
0.3385
0.3555
0.348
0.349
0.3515
0.355
0.354
0.363
0.3635
0.369
0.3715
0.3615
0.366
0.373
0.3755
0.3795
0.377
0.377
0.3705
0.379
0.377
0.3775
0.38
0.374
0.3835
0.383
0.3795
0.3825
0.3925
0.378
0.399
0.387
0.395
0.3885
0.3955
0.4
0.3915
0.397
0.3935
0.392
0.404
0.406
0.399
0.4095
0.396
0.3975
0.407
0.3975
0.408
0.413
0.406
0.4055
0.407
0.405
0.4145
0.419
0.4175
0.4185
0.4145
0.4155
0.4115
0.4175
0.4225
0.4135
0.4225
0.4145
0.4265
0.421
0.422
0.4155
0.4245
0.4325
0.4325
0.4275
0.421
0.4245
0.426
0.4305
0.4305
0.4255
0.4285
0.432
0.4355
0.4385
0.4345
0.435
0.4305
0.429
0.4465
0.4385
0.436
0.4465
0.4405
0.4375
0.4355
0.4315
0.442
0.445
0.4565
0.4475
0.4455
0.449
0.455
0.452
0.461
0.4505
0.454
0.455
0.4495
0.456
0.4565
0.456
0.458
0.4575
0.4565
0.456
0.4605
0.459
0.4555
0.4585
0.457
0.4545
0.468
0.4775
0.4695
0.466
0.454
0.467
0.466
0.469
0.47
0.467
0.4675
0.4695
0.473
0.473
0.472
0.476
0.4735
0.4815
0.4725
0.487
0.4865
0.4795
0.4835
0.4855
0.4845
0.489
0.487
0.491
0.5005
0.493
0.4965
0.4975
0.5075
0.4955
0.4945
0.4885
0.491
0.496
0.4995
0.4895
0.491
0.501
0.5035
0.4995
0.503
0.5005
0.5025
0.509
0.516
0.5045
0.514
0.5095
0.5105
0.5165
0.5045
0.513
0.508
0.5155
0.5175
0.5185
0.5135
0.5085
0.5105
0.521
0.5225
0.5215
0.5165
0.517
0.5245
0.5205
0.5195
0.528
0.523
0.5325
0.5285
0.526
0.5195
0.525
0.531
0.5305
0.5315
0.5195
0.536
0.534
0.525
0.5385
0.54
0.538
0.534
0.5395
0.537
0.5365
0.544
0.538
0.545
0.5355
0.535
0.5455
0.5395
0.5335
0.544
0.542
0.534
0.5435
0.5425
0.5445
0.549
0.542
0.5535
0.552
0.5525
0.548
0.555
0.5455
0.5535
0.548
0.5495
0.543
0.5465
0.56
0.5505
0.5545
0.55
0.5635
0.5585
0.552
0.5555
0.5515
0.553
0.5595
0.551
0.5515
0.5535
0.5615
0.5625
0.5615
0.563
0.552
0.558
0.5575
0.5465
0.552
0.5555
0.5665
0.56
0.571
0.5605
0.556
0.5635
0.5625
0.555
0.562
0.564
0.56
0.57
0.582
0.579
0.571
0.5655
0.5665
0.571
0.566
0.5805
0.568
0.581
0.577
0.5795
0.573
0.579
0.576
0.579
0.573
0.5745
0.57
0.58
0.5835
0.583
0.5765
0.5895
0.5885
0.586
0.5835
0.589
0.5825
0.585
0.587
0.588
0.587
0.582
0.5775
0.579
0.5885
0.589
0.5905
0.576
0.593
0.595
0.5845
0.5855
0.585
0.5865
0.5915
0.574
0.587
0.597
0.5795
0.589
0.5835
0.6005
0.5835
0.5815
0.593
0.5935
0.59
0.588
0.5885
0.599
0.5935
0.597
0.589
0.5925
0.5895
0.595
0.5875
0.592
0.607
0.5905
0.594
0.5945
0.61
0.603
0.611
0.5995
0.606
0.6095
0.6085
0.601
0.612
0.616
0.619
0.6095
0.618
0.6155
0.6155
0.6085
0.6135
0.6185
0.61
0.603
0.619
0.6135
0.6175
0.616
0.6145
0.618
0.61
0.61
0.63
0.612
0.613
0.608
0.611
0.6285
0.62
0.6155
0.6255
0.6255
0.618
0.621
0.6265
0.6325
0.614
0.633
0.6265
0.625
0.6315
0.6255
0.6255
0.6245
0.631
0.628
0.626
0.6175
0.616
0.634
0.6205
0.6315
0.6325
0.6215
0.6235
0.631
0.632
0.64
0.634
0.6195
0.627
0.626
0.628
0.626
0.6295
0.6205
0.624
0.6105
0.6215
0.632
0.6365
0.623
0.6255
0.6275
0.6215
0.631
0.634
0.6285
0.6235
0.631
0.6405
0.6285
0.632
0.64
0.633
0.64
0.64
0.6325
0.639
0.635
0.6335
0.63
0.6355
0.6365
0.6375
0.647
0.6345
0.641
0.637
0.6325
0.641
0.6415
0.648
0.6375
0.6325
0.644
0.6355
0.6505
0.641
0.6535
0.656
0.6445
0.643
0.6465
0.654
0.647
0.646
0.655
0.6455
0.6555
0.647
0.6565
0.644
0.6455
0.6545
0.646
0.6435
0.6615
0.6475
0.6575
0.662
0.645
0.6555
0.6505
0.6545
0.6595
0.656
0.6625
0.659
0.6585
0.661
0.6545
0.652
0.6605
0.651
0.6545
0.658
0.6605
0.666
0.6655
0.664
0.663
0.659
0.667
0.6525
0.653
0.6555
0.6635
0.6555
0.6575
0.666
0.6655
0.6665
0.663
0.675
0.657
0.669
0.6645
0.658
0.6735
0.6555
0.665
0.6685
0.6725
0.677
0.6845
0.66
0.666
0.677
0.669
0.672
0.6735
0.6745
0.6775
0.6685
0.6765
0.6845
0.676
0.68
0.683
0.6805
0.683
0.682
0.6685
0.6815
0.688
0.6685
0.675
0.6825
0.684
0.6775
0.664
0.682
0.675
0.6735
0.681
0.6815
0.684
0.6925
0.689
0.682
0.683
0.687
0.688
0.6885
0.6905
0.692
0.684
0.692
0.6925
0.6865
0.688
0.6875
0.6815
0.6885
0.6995
0.7015
0.7
0.693
0.692
0.695
0.6885
0.694
0.693
0.6975
0.703
0.702
0.6925
0.696
0.693
0.6875
0.698
0.6835
0.689
0.6945
0.6915
0.701
0.703
0.7
0.6945
0.692
0.693
0.6985
0.7075
0.7075
0.6995
0.708
0.7005
0.713
0.7075
0.7005
0.713
0.6955
0.705
0.701
0.702
0.7025
0.7055
0.7095
0.7105
0.7025
0.7125
0.7255
0.7135
0.7045
0.708
0.723
0.722
0.7025
0.7115
0.7025
0.707
0.713
0.7055
0.709
0.7165
0.7215
0.717
0.7085
0.7145
0.7135
0.7245
0.7165
0.7275
0.7135
0.714
0.72
0.7105
0.7225
0.7135
0.724
0.727
0.719
0.725
0.719
0.7255
0.7235
0.7195
0.7205
0.723
0.7245
0.7225
0.7285
0.719
0.7165
0.7335
0.7255
0.719
0.7245
0.7135
0.7225
0.712
0.72
0.725
0.7205
0.7215
0.72
0.726
0.7215
0.7225
0.7245
0.725
0.7195
0.72
0.723
0.7175
0.7245
0.7245
0.719
0.709
0.715
0.7195
0.728
0.727
0.7215
0.721
0.721
0.7165
0.726
0.726
0.722
0.7305
0.7185
0.7315
0.71
0.713
0.719
0.73
0.727
0.717
0.713
0.7075
0.7255
0.73
0.7205
0.714
0.718
0.7315
0.723
0.723
0.735
0.726
0.73
0.714
0.733
0.724
0.7285
0.732
0.7405
0.7265
0.723
0.724
0.724
0.736
0.734
0.721
0.731
0.7355
0.7275
0.7265
0.738
0.7305
0.7305
0.7275
0.7305
0.7265
0.734
0.722
0.716
0.738
0.724
0.7385
0.725
0.7355
0.741
0.7265
0.7275
0.731
0.726
0.7365
0.7365
0.732
0.73
0.7325
0.7235
0.724
0.724
0.7275
0.7365
0.7355
0.7405
0.745
0.7365
0.7335
0.731
0.7345
0.7325
0.735
0.7305
0.7275
0.7315
0.738
0.7355
0.7445
0.739
0.733
0.7365
0.7475
0.7485
0.746
0.746
0.7435
0.728
0.7365
0.7345
0.733
0.733
0.731
0.736
0.738
0.7315
0.7405
0.7415
0.7525
0.7515
0.75
0.745
0.7495
0.7535
0.7395
0.754
0.7505
0.7305
0.744
0.7475
0.7485
0.741
0.748
0.746
0.747
0.7505
0.744
0.745
0.738
0.747
0.745
0.7425
0.753
0.7465
0.7515
0.7405
0.7565
0.7545
0.7445
0.7405
0.752
0.753
0.748
0.745
0.7555
0.7555
0.7495
0.7555
0.7435
0.7485
0.749
0.745
0.735
0.7565
0.762
0.7575
0.751
0.7505
0.763
0.7415
0.7425
0.7615
0.7535
0.7555
0.752
0.7595
0.763
0.7415
0.749
0.76
0.754
0.754
0.7555
0.7555
0.746
0.7585
0.751
0.7495
0.757
0.7605
0.744
0.757
0.76
0.755
0.7575
0.7555
0.749
0.743
0.7585
0.75
0.7475
0.7495
0.759
0.743
0.7475
0.757
0.7565
0.744
0.7525
0.756
0.7525
0.753
0.762
0.75
0.7645
0.756
0.762
0.753
0.7575
0.7635
0.7545
0.7635
0.758
0.7545
0.758
0.757
0.7575
0.761
0.7655
0.764
0.769
0.751
0.761
0.748
0.752
0.7525
0.7485
0.7585
0.758
0.7695
0.7495
0.7615
0.758
0.7545
0.76
0.755
0.759
0.7635
0.7715
0.7525
0.7565
0.7705
0.757
0.7675
0.7675
0.7715
0.762
0.7705
0.7555
0.767
0.7735
0.761
0.7665
0.766
0.761
0.765
0.7635
0.7675
0.763
0.7625
